26.743298,-13.65107,0
23.059147,-12.70344,0
24.004189,-13.66209,0
23.248884,-13.695869,0
27.264845,-13.145676,0
29.03182,-13.619851,0
25.256521,-12.572591,0
25.806496,-13.511393,0
22.245718,-13.392334,0
23.741392,-12.793247,0
28.180855,-14.076203,0
25.484287,-13.01382,0
22.904316,-13.043145,0
22.5182,-13.9967,0
29.55213,-14.139974,0
30.137009,-13.665133,0
29.038229,-13.69187,0
26.72833,-13.604266,0
28.884573,-14.313899,0
28.408072,-13.139819,0
26.538927,-14.634863,0
27.899307,-13.197987,0
26.729141,-12.107213,0
25.341232,-14.260022,0
25.47369,-12.95063,0
23.237827,-12.446556,0
25.84335,-13.544387,0
26.921703,-13.974225,0
26.151968,-14.150003,0
24.058264,-13.551025,0
23.554306,-13.222341,0
26.487011,-14.656297,0
29.542706,-13.145081,0
29.84462,-13.570372,0
23.771595,-12.861829,0
24.447262,-13.236173,0
27.306173,-14.579362,0
27.172394,-12.740528,0
22.619415,-13.779,0
25.985464,-13.876167,0
26.545317,-13.210134,0
21.185785,-12.923018,0
23.376316,-14.236103,0
26.517511,-12.853251,0
28.527275,-12.8944645,0
22.907698,-13.0354395,0
28.408958,-13.121934,0
23.795195,-13.92191,0
28.067028,-13.828498,0
25.07777,-13.680834,0
-13.544487,3.3829803,1
-12.343626,3.9591568,1
-13.492023,3.6788962,1
-4.0907702,2.9541767,1
-10.726358,3.2268,1
-7.13959,3.0995224,1
-12.25821,4.4420958,1
-3.719158,1.8121251,1
-11.324715,2.951412,1
-5.5202947,3.2529907,1
-3.1621878,2.290417,1
-8.429257,4.0791893,1
-3.909849,3.7804997,1
-9.287264,3.73317,1
-6.7330766,3.737102,1
-12.711639,3.2554443,1
-7.7187724,4.441113,1
-6.330639,2.325555,1
-4.1333747,4.6413827,1
-4.913176,2.5559728,1
-11.288954,4.9205494,1
-8.192505,2.9216828,1
-9.160242,1.8742265,1
-8.733975,3.0316417,1
-10.318442,3.0503414,1
-12.041832,3.1300392,1
-11.544596,2.706036,1
-13.34177,4.619536,1
-8.942509,4.017999,1
-5.3981423,2.1715796,1
-4.3777986,2.6144776,1
-4.3031254,2.5274916,1
-6.379641,2.6105878,1
-9.102024,5.397109,1
-7.259832,4.5943446,1
-11.877654,4.5973015,1
-12.949439,3.6030138,1
-4.171182,4.511249,1
-7.301086,4.048653,1
-4.9190307,2.6524515,1
-5.476004,2.7539375,1
-9.414249,3.8500044,1
-5.80973,2.4878998,1
-3.6017954,2.0061698,1
-6.164478,3.0183272,1
-7.541968,3.8110428,1
-7.3673487,3.537215,1
-9.297341,3.2649577,1
-4.047509,1.818931,1
-6.860579,3.1322134,1
-14.757032,8.2577915,2
-8.811113,6.444423,2
-15.64847,5.745835,2
-11.813838,6.1232934,2
-13.616821,6.950479,2
-16.69745,5.23149,2
-4.809074,1.2288845,2
-16.151604,4.8018866,2
-10.65406,1.4575771,2
-16.517502,7.7134233,2
-13.748069,6.342992,2
-10.703567,6.5671234,2
-14.464561,6.100546,2
-8.282273,6.778269,2
-9.153298,7.404793,2
-14.219287,7.5901675,2
-12.938405,5.7978263,2
-17.112963,7.559621,2
-17.157705,4.6416507,2
-4.1762853,4.6835294,2
-15.360433,6.8736563,2
-8.61573,6.637217,2
-16.878572,4.7853856,2
-10.015447,6.091606,2
-15.047431,7.339623,2
-15.616207,5.367352,2
-9.964592,5.681561,2
-10.751111,5.1956086,2
-11.847895,6.9084306,2
-15.504277,4.6198936,2
-16.414436,4.70904,2
-17.1784,7.5204906,2
-11.9937725,7.0638304,2
-10.15577,3.9449458,2
-9.248308,2.0574656,2
-16.792757,5.4286113,2
-14.698844,8.331481,2
-13.010119,5.764374,2
-10.460137,5.0751076,2
-14.89768,6.19036,2
-14.639308,7.054518,2
-14.906931,6.5409074,2
-8.811113,6.444423,2
-15.251849,7.079131,2
-15.236174,7.7612214,2
-14.250562,6.6615596,2
-9.774176,6.6742163,2
-13.196227,6.2389646,2
-14.426488,8.383923,2
-10.428594,5.186072,2
