13.098191,72.836555,0
-51.56104,-10.756599,1
-42.085625,-5.843733,2
34.23226,-17.670238,3
-16.264853,34.342297,4
23.551981,-17.564121,5
-7.498155,-40.97466,6
11.520879,30.897776,7
-36.895634,-19.29492,8
24.533,-17.282623,9
5.845117,71.94997,0
33.50199,21.47079,1
-30.024393,6.7936454,2
39.281204,-7.8317075,3
-10.953712,32.992733,4
-10.975003,-4.532672,5
-2.8039534,-42.19215,6
16.959156,24.915585,7
-31.874897,-18.228134,8
16.67735,-21.68499,9
6.7963443,61.72778,0
35.340656,21.054317,1
-28.78998,5.4285774,2
41.731243,-7.974079,3
-17.622416,34.176537,4
-3.1225488,-4.874478,5
-8.111956,-42.27461,6
16.003033,18.292059,7
-36.05058,-18.481365,8
16.88226,-21.750814,9
14.317752,75.608406,0
16.561161,-21.586424,9
-1.1709735,-11.916219,5
-11.271024,-5.3564653,5
-3.8992362,-40.246746,6
-10.037414,-6.991021,5
3.4479616,65.11051,0
18.22588,-24.134985,9
-30.638153,-18.43759,8
17.458145,-12.367978,9
-33.408676,-18.18414,8
-10.143606,33.801125,4
33.63112,22.392244,1
17.870863,22.907202,7
14.904752,33.730022,7
37.324787,-11.497184,3
-10.09164,-7.55707,5
35.798668,23.072079,1
11.015439,67.17141,0
12.323448,62.85445,0
-41.06068,-5.463777,2
-42.669365,-6.7193217,2
16.028118,19.558832,7
-36.14833,-16.912449,8
-43.027756,-6.834114,2
6.342017,62.31182,0
35.29472,22.194267,1
-42.09156,-5.9976406,2
-7.639131,-43.27601,6
39.480938,-11.546292,3
37.79848,-11.364485,3
17.45416,24.42559,7
38.27054,-10.782023,3
38.450165,-7.3880014,3
-15.279035,36.62334,4
-4.2004805,-44.377495,6
-5.0505953,-54.71459,6
6.406077,-53.99049,6
-5.8448305,31.088976,4
-7.133318,10.809709,9
36.59826,23.466063,1
-1.7070596,-12.665858,5
8.129598,61.94496,0
23.10125,-18.182718,9
-6.7074575,-12.061635,5
-42.465355,-6.9718432,2
-34.16279,-24.105436,8
-43.111988,-7.3523183,2
14.583091,63.231384,0
16.268278,64.966415,0
35.016537,21.989508,1
15.508261,31.404963,7
-7.1877756,-41.789066,6
37.981537,-7.290266,3
-24.627666,-1.3096772,2
34.52897,23.524672,1
15.60619,17.708847,7
-4.9148517,28.551249,4
-5.8131714,-41.34432,6
38.837944,-10.478692,3
33.597507,22.398746,1
38.09913,-5.3356185,3
24.070023,-14.238132,9
-51.61084,-10.628891,1
15.899958,26.376387,7
-9.302326,-40.34115,6
-33.04882,-21.528246,8
-17.312595,34.925167,4
38.62588,-7.181099,3
-50.022266,-19.223547,1
-17.108597,34.69001,4
9.344518,60.765305,0
-5.060076,-12.503784,5
31.89988,-1.5483533,3
-9.421883,-41.092,6
18.241772,-19.717793,9
-6.640644,-39.320587,6
32.542324,21.00658,1
17.723328,23.366152,7
-3.2455173,-5.636506,5
-4.4140115,32.34356,4
-6.2344446,32.205605,4
16.143017,27.2153,7
-39.086243,-5.080585,2
-36.424416,-22.204746,8
-41.094196,-5.5505714,2
-40.733257,-5.3143625,2
-9.024277,-3.809211,5
15.631882,23.046642,7
17.920465,-18.825722,9
-7.0910916,-11.90686,5
-5.3760195,29.510004,4
-34.7236,-17.362814,8
-39.361317,-19.383194,8
-9.891134,33.948154,4
23.9008,-21.543024,9
7.903785,62.299812,0
-31.365503,-17.302185,8
26.552929,-12.894536,9
-51.119484,-19.599081,8
9.24589,67.30207,0
33.963978,17.44831,1
-22.39742,-1.0030986,2
38.38834,-6.1987295,3
-14.73965,30.976492,4
-10.137608,-2.8097665,5
5.081067,-50.49022,6
18.37952,27.013811,7
-35.348633,-20.461485,8
20.591463,-17.300283,9
5.0383797,65.08065,0
32.5194,19.808727,1
-32.310127,-5.3171782,2
36.655273,-6.409218,3
-22.08984,38.596138,4
-10.063759,-4.733396,5
-0.7832379,-41.876766,6
18.737162,26.786224,7
-36.643223,-23.86467,8
23.037603,-16.257263,9
11.415634,61.495705,0
32.247795,18.92082,1
-32.967304,1.9689354,2
39.304638,-6.066269,3
-20.916687,37.33804,4
-20.097584,-36.154636,5
-5.774944,-41.90437,6
22.154472,31.114298,7
-37.479565,-17.21463,8
21.88502,-17.255455,9
4.0677404,68.40137,0
21.755966,-17.84724,9
-10.125111,-4.494237,5
-12.3080845,-2.2634432,5
5.206031,-53.222492,6
-8.361857,-3.0437245,5
9.041612,71.120544,0
20.00693,-18.419823,9
-35.38002,-20.458633,8
19.856546,-17.339472,9
-34.73367,-13.837313,8
-22.898361,37.491756,4
33.918453,18.60566,1
12.8162985,19.63078,7
11.500152,22.89627,7
39.056564,-9.235979,3
-11.2583885,-4.0700445,5
32.934402,18.276815,1
16.893248,66.010376,0
5.767636,61.861614,0
-30.336452,-1.5820446,2
-31.466703,-3.7598376,2
18.293507,28.369915,7
-37.62594,-19.575571,8
-27.020977,-5.154495,2
7.26809,62.50044,0
35.367535,20.244755,1
-29.029984,-2.4237049,2
6.2786436,-51.674984,6
36.652958,-6.6325455,3
37.17032,-7.72623,3
22.921007,33.010876,7
41.736168,-7.5361595,3
37.49314,-8.63894,3
-21.045277,35.379593,4
-5.32671,-42.575527,6
6.349344,-51.743088,6
4.790423,-51.95684,6
-23.06909,34.81505,4
22.953981,-17.126698,9
32.459522,21.663456,1
-9.339679,-3.1578934,5
10.2791815,62.55091,0
21.850107,-8.723284,9
-10.825919,-1.9602598,5
-33.30613,2.0882297,2
-34.647015,-13.884658,8
-30.688486,-3.6210067,2
6.2098494,63.062782,0
9.431077,61.01565,0
33.602333,19.071604,1
18.157684,36.911186,7
6.4420657,-53.448296,6
37.986965,-7.2079573,3
-30.476376,-3.3287973,2
31.35963,21.555689,1
21.760967,29.18662,7
38.192646,-9.780142,3
32.285942,18.804796,1
37.971905,-8.395705,3
21.445608,-8.867727,9
34.47111,20.276142,1
14.150679,20.138226,7
-4.121019,-41.549633,6
-39.384018,-16.197838,8
-22.251461,37.80431,4
39.598534,-6.370789,3
32.951538,21.529652,1
-21.760185,37.65312,4
16.756603,65.0103,0
-8.598641,-3.6016917,5
-11.505015,-16.658627,3
2.3746703,-45.494762,6
22.457129,-17.35276,9
1.4143329,-50.296272,6
33.82597,19.581776,1
20.044252,31.82431,7
-6.769429,-3.25789,5
-22.998781,34.791733,4
-21.474558,36.75996,4
21.987413,29.729834,7
-26.348913,-5.4366837,2
-38.691788,-18.458858,8
-23.801756,-2.2785163,2
-30.38257,-1.4356056,2
-10.413984,-2.92493,5
-10.335087,-3.4996843,5
-21.31845,36.344753,4
-38.347435,-19.623936,8
-38.754253,-19.279785,8
-21.996271,38.495674,4
19.840387,-5.5416007,9
9.081898,62.54735,0
-39.346905,-16.266224,8
21.481743,-6.741416,9
-36.841915,-21.892092,8
5.6110916,72.63516,0
-47.257015,-16.602062,1
-27.050625,2.1563358,2
33.930103,-17.698427,3
-6.366253,32.791515,4
0.9894515,-14.48122,5
1.9394312,-50.75403,6
3.8379025,21.144234,7
-24.445633,-29.142452,8
-1.196817,10.301038,9
14.120508,65.19064,0
-44.335064,-9.979502,1
-27.019936,1.7516522,2
39.773197,-16.184246,3
-7.7295856,33.937977,4
-6.933167,-6.947829,5
0.20294987,-49.8454,6
17.34109,30.730507,7
-29.696772,-23.939444,8
-1.4523246,11.553815,9
9.13348,69.10176,0
-44.593082,-10.957585,1
-22.086681,1.2148125,2
35.51182,-18.629364,3
-5.637705,35.047924,4
0.8253255,-13.494466,5
5.164612,-53.452087,6
3.5752635,20.602009,7
-29.41377,-24.002651,8
20.848186,-13.762614,9
6.0257807,73.05714,0
18.68216,-18.50317,9
0.3479558,-14.320596,5
4.7237573,-10.918727,5
-2.939794,-46.23963,6
8.3944435,-11.953249,5
7.2212157,74.90398,0
12.389582,-9.719422,9
-25.199398,-19.358938,8
14.245622,-11.1891365,9
-27.769491,-26.60843,8
-10.091853,35.49842,4
-47.581642,-20.06313,1
18.17816,30.359344,7
11.122856,21.95561,7
40.044773,-16.361065,3
-0.446643,-14.756554,5
-45.666973,-14.070723,1
11.177101,67.40425,0
11.090268,68.540115,0
-21.120302,-0.54445326,2
-31.152878,-2.6374385,2
13.498668,18.616135,7
-23.899748,-29.059967,8
-27.687763,1.7135483,2
10.536825,68.82605,0
31.640875,21.588398,1
-23.812304,-0.14932756,2
3.4993615,-50.62081,6
33.190807,-16.172905,3
40.495525,-15.413624,3
2.8932376,19.923832,7
37.346565,-17.482891,3
37.6231,-16.845821,3
-7.306639,34.73623,4
-1.537649,-51.551163,6
-1.5699178,-51.331715,6
-5.7058,-52.214783,6
-5.51544,37.004528,4
0.2068385,11.115384,9
-48.930317,-17.77531,1
37.571808,2.6590831,5
8.655245,68.04944,0
-1.216078,11.421124,9
0.2283334,-14.402269,5
-28.222094,1.3726124,2
-25.93999,-29.324224,8
-21.393003,0.39763647,2
5.2815547,71.45652,0
8.237654,68.808975,0
-44.635815,-10.607557,1
15.5429125,25.508326,7
-3.8626766,-42.34029,6
39.642372,-16.344883,3
-31.674515,-2.7647393,2
-44.326744,-9.959955,1
16.312336,25.818218,7
-7.6950426,34.003593,4
1.5083282,-51.843742,6
38.807926,-15.014294,3
-47.284702,-15.391093,1
33.554012,-15.137418,3
-1.0900695,10.798389,9
-50.43686,-16.655094,1
19.771152,28.629833,7
-2.6395772,-46.031578,6
-31.3977,-23.922777,8
-11.051532,37.558342,4
33.447575,-15.186523,3
-50.073513,-14.084259,1
-8.389047,29.891903,4
11.967539,65.38316,0
2.612796,-17.132204,5
36.011364,-19.883774,3
0.7025942,-50.51547,6
-0.43654183,11.371324,9
-2.3353674,-51.35614,6
-48.589428,-22.299377,1
23.254513,30.515175,7
0.04334127,-11.0700865,5
-13.980091,41.13954,4
-9.7064085,34.893353,4
16.223661,25.872715,7
-27.103998,2.4217815,2
-28.363396,-27.770245,8
-21.081533,0.4374064,2
-22.792007,-2.0764332,2
5.057745,-11.274956,5
12.636704,21.751965,7
8.891897,11.852037,9
-9.510913,-1.4086567,5
-6.7548313,35.5469,4
-26.35825,-32.097103,8
-27.534012,-26.656076,8
-10.256055,33.639927,4
8.306259,12.12848,9
12.387617,65.810394,0
-29.66312,-23.868723,8
-0.696394,10.670488,9
38.298862,-13.213549,3
16.100872,63.47888,0
36.598183,17.838062,1
-29.409803,5.7724013,2
42.03157,-15.10762,3
-22.022589,34.88749,4
-2.972358,-10.008336,5
2.6942196,-44.032463,6
5.2083216,18.179264,7
-22.523508,-26.292648,8
26.346024,-13.30055,9
15.853677,65.49597,0
38.388,22.056274,1
-31.571573,7.1970634,2
29.97194,-18.082758,3
-18.064993,39.477013,4
-2.940723,-8.62066,5
3.3146102,-43.522316,6
4.4842978,19.044249,7
-31.19961,-20.083582,8
20.215452,-19.167006,9
9.762081,62.665363,0
37.214546,20.854326,1
-27.48842,-2.3099635,2
30.47679,-23.66317,3
-20.329287,36.190197,4
-2.7118416,-8.928197,5
1.9618679,-42.550083,6
3.4606483,19.22838,7
-18.218744,-27.7936,8
20.195147,-19.265718,9
3.31103,66.92327,0
19.496422,-5.9881835,9
-2.8625476,-10.738037,5
-1.5384798,-9.367404,5
3.5484,-42.834656,6
-4.930899,-16.207298,5
17.1512,62.96754,0
18.498737,-6.396527,9
-25.38354,-27.256166,8
17.572489,-10.220399,9
-24.458485,-26.318338,8
-19.012985,35.71261,4
36.03939,21.174015,1
4.8794556,18.176275,7
5.0847797,20.57637,7
29.372952,-16.127466,3
-2.7687595,-8.966575,5
38.218575,22.23955,1
16.051065,65.18903,0
11.388,62.821983,0
-31.682737,9.946366,2
-27.328644,-0.99959046,2
5.1474357,18.24699,7
-21.350527,-28.629519,8
-27.450428,-0.5429024,2
15.061722,70.719894,0
-35.1732,12.707792,1
-31.54846,6.422015,2
-1.508234,-47.27255,6
29.07117,-15.739997,3
28.758398,-19.313654,3
2.55112,19.092125,7
29.203323,-19.898735,3
28.74577,-19.00304,3
-18.48103,38.611633,4
1.9902706,-42.33572,6
3.0616095,-44.390507,6
2.0531502,-42.190014,6
-20.3928,35.55847,4
17.69002,-10.14571,9
35.895664,20.593742,1
-1.8528913,-15.612387,5
6.021937,68.70975,0
18.54086,-6.664978,9
-1.7047652,-9.101086,5
-29.980228,5.8019624,2
-23.75333,-25.473272,8
-27.156836,-1.841765,2
14.971979,72.16559,0
13.56414,62.160038,0
38.064457,22.7551,1
3.8512213,18.16617,7
-6.373887,-44.37401,6
29.348612,-18.77678,3
-27.23607,-3.6446607,2
38.219357,23.297134,1
6.615772,20.635439,7
-18.039343,34.383133,4
-0.046604343,-41.95549,6
29.286581,-18.574535,3
34.453255,21.948828,1
18.459942,-24.297207,3
18.785616,-8.0849495,9
37.82099,21.146713,1
0.2974204,9.960859,7
2.9240468,-41.492874,6
-29.221846,-30.255947,8
-18.440948,38.635048,4
32.194813,-16.035234,3
38.15294,21.792746,1
-19.660097,36.532166,4
15.494587,61.73048,0
-5.456389,-9.06349,5
28.959759,-17.67049,3
0.95855135,-42.716972,6
18.429697,-6.432443,9
-11.517377,-44.78154,6
36.945965,20.803165,1
2.9962611,19.389982,7
-4.9244394,-8.507031,5
-18.55649,35.00881,4
-20.033487,35.399426,4
5.037666,18.928059,7
-25.914154,-1.9450433,2
-25.132265,-30.269518,8
-26.70482,-2.4375238,2
-1.1956177,5.0432997,2
-4.266769,-4.421309,5
6.56263,20.576681,7
18.623417,-8.217647,9
-2.343209,-8.493818,5
-18.354979,34.672874,4
-25.509844,-25.023504,8
-37.27436,-24.961044,8
-22.359312,34.804203,4
25.74428,-10.0455475,9
10.330504,69.94495,0
-25.948694,-26.401733,8
18.715311,-8.347871,9
-24.29948,-26.297297,8
8.962724,71.2321,0
-33.222244,14.770951,1
-28.740509,11.114918,2
15.272413,0.07317081,3
-4.6307497,39.564507,4
0.6374672,-16.75257,5
-6.540618,-45.415424,6
18.250702,36.709324,7
-45.066635,-6.077206,8
15.675448,-5.8760195,9
11.544237,69.56041,0
-34.805286,13.279956,1
-29.680445,0.0073886495,2
14.262971,-0.9475505,3
-3.5117798,37.55103,4
5.315521,-16.537096,5
-3.6073515,-48.257523,6
14.486277,32.588093,7
-45.656075,-3.7381077,8
24.702824,-7.990783,9
8.888663,72.829926,0
-35.87809,15.226275,1
-25.05505,7.730324,2
13.172559,-0.7606207,3
-7.7270207,41.747673,4
3.804052,-15.887803,5
-5.993623,-46.853596,6
12.707794,18.875029,7
-45.51351,-2.7477443,8
13.731786,-6.4415183,9
8.863838,71.781586,0
-31.375523,-23.690619,9
-0.8593996,-12.143857,5
4.779262,-17.044785,5
-8.132452,-46.32122,6
4.283651,-17.167742,5
15.742522,68.531784,0
26.370003,-11.886243,9
-45.44362,-5.767276,8
14.679506,-5.420099,9
-45.089737,-3.1135197,8
-6.1168957,38.716885,4
-34.873882,16.121202,1
16.395027,23.785877,7
13.99994,32.03001,7
15.22785,-0.17538476,3
3.7013526,-15.969862,5
-35.762634,17.02455,1
10.115538,66.570015,0
18.876524,66.891304,0
35.695717,5.6067295,2
-25.135927,8.944998,2
16.695267,34.91836,7
-44.702457,-2.3603542,8
-27.494411,9.04766,2
6.77489,71.59995,0
-35.21991,14.534138,1
-25.182764,8.922195,2
-9.872632,-46.09505,6
15.218507,1.6978899,3
32.41008,-8.536056,3
11.300944,18.758274,7
13.381146,0.45522788,3
14.356854,-0.030910043,3
-7.078098,37.07459,4
-8.166054,-47.429672,6
-7.1174154,-45.83377,6
-4.0559483,-48.365955,6
-3.6685603,37.848885,4
25.044073,-8.4109745,9
-34.740658,16.792416,1
2.2360053,-15.214346,5
7.4388695,66.32708,0
15.016741,-8.962669,9
4.358515,-17.89705,5
-31.268261,10.80741,2
-44.38155,-2.9036615,8
-26.63534,2.6050026,2
13.808044,69.71381,0
-25.930603,-39.062424,0
-35.849087,16.946392,1
16.368666,32.335606,7
-8.122665,-47.447952,6
15.126654,2.1133246,3
-23.938614,9.4194975,2
-35.787487,16.579472,1
15.044277,32.05518,7
-4.5793614,39.887787,4
-10.017899,-45.934814,6
-44.322453,-1.2106878,3
-36.40554,16.088762,1
13.46925,-0.39083004,3
15.058657,-5.813894,9
-34.918472,17.298407,1
17.809017,29.121355,7
-6.7053986,-45.75141,6
-45.020233,-3.2762809,8
-5.945787,39.91303,4
14.786083,-0.6335307,3
-43.49041,-21.896263,1
-5.32541,39.48921,4
9.0541725,74.063965,0
6.582569,-17.353867,5
14.670994,-0.60499907,3
-6.916303,-45.097633,6
14.730237,-5.667549,9
-9.169242,-46.26551,6
-32.11074,14.295103,1
16.037518,30.452286,7
2.1239238,-15.04872,5
-7.3523088,43.096325,4
-8.364138,36.68825,4
19.117373,34.07696,7
-25.06945,9.607101,2
-45.93774,-5.9031115,8
-27.820374,1.4597844,2
-25.67857,9.6716175,2
-0.65823364,-16.622608,5
13.965668,32.202568,7
17.762695,-14.889207,9
5.1316357,-15.848627,5
-3.9782107,40.021297,4
-44.980698,-5.907875,8
-44.468174,-3.3606198,8
-4.1872835,38.921032,4
24.733047,-10.826341,9
9.866926,70.70321,0
-44.589252,-3.187607,8
20.332119,-20.080832,9
-45.382145,-5.5524964,8
4.1455364,70.036545,0
-46.357777,-18.134449,1
-33.858574,-3.5100293,2
41.05257,-17.197767,3
-20.454758,37.597157,4
0.063474536,-8.145643,5
-2.0608935,-53.43687,6
13.976637,31.308842,7
-28.566187,-29.316074,8
6.323765,-24.97215,9
10.507939,76.7305,0
-47.29782,-20.885822,1
-32.005444,-1.0504209,2
42.439644,-18.422861,3
-20.505527,38.13915,4
-2.518053,-4.6389804,5
-0.47145694,-52.86931,6
10.950533,18.64352,7
-29.634596,-26.433846,8
7.3224845,12.66815,9
4.0939193,69.490456,0
-47.702663,-21.342262,1
-33.532368,-2.170428,2
40.190334,-17.193678,3
-18.445644,36.60754,4
-2.6105902,-4.325402,5
-0.18490784,-52.917183,6
7.5457125,-22.231447,7
-28.747252,-29.364681,8
8.030257,12.452374,9
8.046297,68.76709,0
7.059931,12.5284195,9
3.717925,-6.1013618,5
-4.1631317,-2.64199,5
4.820986,-52.443176,6
-2.9121795,-3.6707933,5
15.452263,65.66683,0
8.642569,13.22341,9
-30.869572,-26.71258,8
7.516359,12.275382,9
-30.56849,-26.849537,8
-14.193484,31.155428,4
-43.120567,-14.639204,1
6.0053153,-23.985123,7
9.009304,15.480432,7
-18.77376,-29.925623,3
-4.006718,-4.0882506,5
-43.147667,-14.696305,1
6.8418727,64.39113,0
7.027814,70.013176,0
-33.731743,0.41501477,2
-32.660725,-0.71784925,2
13.9449835,18.229074,7
-30.85842,-25.90383,8
-34.939552,0.8865148,2
5.151101,62.69458,0
-47.79612,-13.802115,1
-34.86654,0.9385673,2
6.040603,-54.307472,6
41.896603,-17.426441,3
40.60358,-18.20436,3
13.164634,17.672394,7
41.246147,-19.253864,3
38.43432,-16.124779,3
-13.666843,31.037622,4
2.3662276,-52.14347,6
-1.3398467,-53.514378,6
3.8803542,-54.92385,6
-20.158907,37.200317,4
7.7483745,12.806132,9
-46.103977,-22.37895,1
3.1038294,-7.6263323,5
6.2655945,64.45997,0
6.989078,10.816,9
3.1463056,-7.389523,5
-33.395275,-0.094212785,2
-24.531223,-30.496202,8
-31.468727,-1.0834062,2
5.2387414,68.43932,0
8.824791,67.66783,0
-47.539993,-13.548066,1
13.978425,17.670355,7
-0.25053868,-52.511753,6
41.412266,-18.26121,3
-19.40582,0.027433336,2
-47.530766,-23.301537,1
1.929346,18.113037,7
-20.112513,37.787537,4
-5.21326,-54.554504,6
41.157166,-19.008684,3
-48.5188,-23.034647,1
31.603357,-13.555308,3
7.2203054,11.653137,9
-45.89158,-21.753418,1
14.047671,17.081326,7
1.3318039,-51.896126,6
-35.513844,-24.437998,8
-4.7128334,39.030846,4
31.592928,-13.625833,3
-45.965225,-22.78606,1
9.147436,33.59362,4
9.319928,63.848618,0
5.1432514,-9.859278,5
39.069733,-17.304117,3
-3.3198159,-43.538925,6
7.0277276,13.557171,9
-3.367329,-43.29918,6
-44.22812,-15.569727,1
14.11941,17.013418,7
-5.0073705,-5.105006,5
-7.317697,43.89308,4
-1.7118764,20.192701,4
14.396718,16.612165,7
-32.717793,-2.5330095,2
-31.338448,-21.7994,8
-32.616344,-2.0847285,2
-33.063187,-2.9429767,2
-3.116575,-2.2369833,5
15.544663,30.98765,7
6.7377133,14.201473,9
-20.221603,-36.370876,5
-8.2536545,43.0325,4
-25.633814,-28.894106,8
-34.320293,-25.405148,8
8.9286175,33.62284,4
6.3828,-25.058931,9
6.4967175,65.30739,0
-28.932625,-29.222248,8
8.444645,13.350972,9
-31.933224,-25.401806,8
7.060769,75.588875,0
-50.401375,-14.842535,1
-22.784351,-0.558901,2
32.339615,-13.344028,3
-9.465092,42.206745,4
-7.157908,-5.369362,5
5.109323,-45.751633,6
14.775811,25.25717,7
-18.767952,-21.327759,8
18.678362,-16.599695,9
18.373962,68.410515,0
-49.837654,-12.949116,1
-22.260866,-2.4784226,2
35.331367,-16.003868,3
-10.443956,40.149113,4
-8.124863,-1.6195234,5
45.57556,1.9333577,6
17.397081,29.844019,7
36.536217,24.351868,8
23.7366,-5.718119,9
6.097321,73.68891,0
-48.128494,-14.276457,1
-19.550886,-1.544849,2
34.91533,-15.313478,3
-11.907773,46.084164,4
-8.910616,-2.12837,5
1.3348812,-41.33537,6
18.460308,28.992332,7
-35.575745,-26.075365,8
20.381449,-20.607264,9
10.8369465,69.2503,0
27.056345,-12.835978,9
-7.2759733,-7.514792,5
-4.6861877,-3.7508411,5
4.7884827,-48.415062,6
-6.5944476,-5.7929406,5
10.241912,69.698654,0
15.7519245,1.1206927,9
-22.661617,-29.966845,8
25.185534,-10.9750185,9
-19.829239,-28.672178,8
-12.036876,39.21306,4
-43.09506,-20.54809,1
20.077118,29.472353,7
14.544009,24.667742,7
34.908176,-12.810858,3
-5.0876846,-4.5830216,5
-45.85969,-19.262129,1
2.8066654,70.2481,0
4.6628623,71.91981,0
-30.965187,-3.4140627,2
-19.45494,-3.2342021,2
21.486746,29.082506,7
-19.650246,-28.30283,8
-19.774002,-0.7388984,2
13.96564,74.74802,0
-36.150284,12.876181,1
-25.464071,-3.9701083,2
-5.0272903,-41.340332,6
34.796207,-12.585792,3
34.655823,-12.284883,3
17.754251,27.829094,7
43.252026,-9.236944,3
42.331078,-9.599248,3
-9.104276,39.565094,4
0.85696423,-42.96954,6
4.9952717,-48.3607,6
45.217754,1.5471821,6
-9.4895115,41.229187,4
20.22891,-20.315823,9
-43.19861,-17.038134,1
-8.004909,-7.883942,5
5.292553,66.56552,0
20.638445,-7.8206816,9
-8.983903,-5.9739604,5
-18.656946,-2.3569272,2
-37.821205,-22.439133,8
-19.741302,-4.1218963,2
3.9453223,65.773895,0
14.124658,72.112175,0
-48.08969,-20.51112,1
17.659819,27.151972,7
3.716624,-47.274715,6
37.74318,-14.816401,3
-32.42343,2.9573765,2
-46.002827,-17.041397,1
14.13898,21.055166,7
-13.361338,38.30739,4
1.7139959,-40.49164,6
33.748627,-14.49739,3
-48.28183,-17.407745,1
36.93217,-13.449045,3
26.42083,-12.305489,9
-49.16475,-17.534779,1
20.361954,29.057499,7
0.5759374,-47.0315,6
-18.879265,-21.425716,8
-10.064696,-20.73957,4
35.75115,-13.506762,3
-48.802765,-15.648157,1
-14.467776,42.75543,4
13.345442,72.88458,0
-5.2612453,-8.367169,5
41.540688,-12.091691,3
-4.200285,-39.748753,6
19.794004,-18.711908,9
3.460915,-53.06263,6
-44.06029,-15.350554,1
19.016338,27.557032,7
-8.603786,-2.5708249,5
-9.1842785,41.33323,4
-11.631481,39.28274,4
17.696804,27.522991,7
-18.595747,-2.5249705,2
-18.034542,-26.147064,8
-12.344946,-16.7805,2
-32.646896,-3.9012187,2
-5.6626515,-6.894093,5
17.97453,32.305054,7
26.619682,-10.181689,9
-8.452508,-1.9691849,5
-12.203244,45.408127,4
-18.270441,-26.26378,8
27.741055,-19.98864,8
-12.503709,45.34735,4
26.580929,-9.991067,9
10.230899,72.608696,0
-17.638475,-25.998955,8
26.16384,-13.444254,9
-18.82243,-21.350403,8
-35.636124,13.159381,1
-22.91994,1.1597906,2
33.604572,-21.68175,3
-13.379564,36.799503,4
1.9732348,-14.49929,5
2.5331168,-53.891647,6
8.690968,23.307674,7
-27.022766,-29.885904,8
15.155154,-16.83202,9
15.363062,69.330666,0
-35.655357,13.765968,1
-20.261427,-5.1366653,2
31.932787,-20.330696,3
-12.12358,46.649605,4
7.590994,-15.586908,5
4.3800797,-53.97987,6
9.603269,26.121368,7
-26.845877,-30.914917,8
15.074083,-12.113863,9
15.020214,69.32829,0
-36.378517,12.456318,1
-24.639688,1.1327609,2
32.17226,-17.26797,3
-13.932471,34.33853,4
11.761594,-16.43617,5
2.9662101,-52.029415,6
9.828419,23.72986,7
-27.644466,-31.212013,8
14.875963,-14.4803095,9
13.465703,68.6548,0
19.04785,-14.241552,9
8.529252,-14.684546,5
3.0679805,-14.671692,5
-1.5657406,-49.339077,6
9.480695,-14.998212,5
15.729061,70.7402,0
17.179413,-16.35096,9
-27.268166,-30.141052,8
16.859737,-15.340861,9
-24.219715,-27.231268,8
4.128193,6.4058185,4
-32.413105,14.494575,1
10.403267,25.869295,7
8.781329,21.281996,7
30.191038,-16.446762,3
10.0208025,-14.630168,5
-33.829697,14.208068,1
-24.761368,0.8402427,2
9.936843,25.890759,7
-26.569254,-31.103878,8
-30.935959,11.226831,2
14.180245,71.76575,0
-34.324657,14.285707,1
-28.505177,8.551729,2
2.613906,-54.097042,6
33.271362,-20.354591,3
31.856533,-20.201769,3
9.294063,24.356873,7
33.06488,-23.02781,3
30.670757,-22.341925,3
-14.025624,33.89315,4
-1.7485874,-48.550003,6
-0.84923595,-49.96183,6
1.9965899,-53.51652,6
-13.964529,34.23117,4
15.711617,-16.939005,9
-32.813072,14.328421,1
3.2839303,-14.650979,5
16.361322,70.18984,0
15.214255,-16.365479,9
7.5769615,-15.102099,5
-29.116072,9.224752,2
-26.26215,-28.463121,8
-30.875568,11.284407,2
7.1234603,75.638016,0
14.245882,66.67032,0
-33.622486,14.693299,1
12.282854,24.728699,7
2.1260602,-53.12575,6
32.6726,-23.741995,3
-22.099682,-5.9370337,2
-35.551884,13.33778,1
-8.078928,45.524303,4
-2.7919934,-44.238586,6
33.730442,-21.504038,3
-33.75143,14.280565,1
30.66619,-23.600779,3
17.178001,-16.49685,9
-33.63454,13.193785,1
9.117131,24.458004,7
-2.572877,-49.034977,6
-21.970686,-29.282688,8
5.0671687,-24.022274,4
32.017147,-19.830057,3
-32.956154,13.842674,1
2.9990985,-25.058958,4
15.575968,71.476234,0
0.27440313,-11.68261,5
30.782446,-22.223799,3
1.8376533,-51.423973,6
14.723436,-12.713996,9
1.8723516,-49.595535,6
-34.731308,13.958169,1
4.1234407,21.15842,7
8.877987,-16.007288,5
-13.545801,35.91561,4
4.2023764,-24.664946,4
10.97182,25.47195,7
-28.868202,5.100889,2
-27.696861,-31.574821,8
-28.782698,10.20786,2
-23.26154,-3.5733845,2
9.022456,-15.923336,5
11.13316,24.51584,7
18.964018,-14.735705,9
5.9605784,-14.987642,5
2.3410935,18.042389,4
3.8573155,4.925395,4
13.123782,-6.682168,9
16.873484,70.04888,0
-23.39466,-29.424711,8
15.4659195,-12.16046,9
-27.547365,-29.600985,8
11.36843,72.232315,0
-42.836086,-18.734825,1
-24.870684,-1.0839608,2
36.618042,-21.071226,3
4.710824,-24.707594,4
-1.5326338,-3.367089,5
1.2767758,-52.439217,6
12.031833,25.703625,7
-28.234476,-23.928997,8
30.621803,-11.0438,9
11.844173,63.966175,0
-44.10621,-19.131683,1
-27.4178,6.268743,2
36.64723,-21.52346,3
-2.214987,20.153511,4
-1.5213807,-6.6379585,5
3.4970262,-49.334084,6
10.931552,25.310781,7
-29.271627,-19.79932,8
13.406298,-20.256527,9
13.352885,60.128235,0
-49.962162,-16.11753,1
-28.185375,9.922105,2
38.96111,-21.329659,3
-9.29731,30.813818,4
-0.61586136,-15.456237,5
-2.0434303,-49.7058,6
11.518412,27.823843,7
-24.819744,-16.762722,8
12.465561,-19.551825,9
14.6060095,68.395065,0
11.208573,-9.461533,9
-0.058775973,-4.9605875,5
-0.9465949,-1.6492052,5
-3.2278419,-41.630116,6
-0.055457544,-4.8598638,5
11.717659,62.232693,0
13.697364,-20.429459,9
-24.135895,-17.813768,8
11.526414,-9.58226,9
-37.325676,-20.5305,8
-2.3546617,20.132624,4
-44.866184,-17.661674,1
10.047185,27.352335,7
14.322464,26.745079,7
39.831234,-21.239487,3
-0.0893234,-11.06401,5
-49.75408,-17.516745,1
11.87508,59.39567,0
12.224149,58.8497,0
10.412363,27.863682,7
-29.299501,-19.780642,8
-27.863811,10.833872,2
19.111229,67.92735,0
-47.600418,-22.595257,1
-28.514761,9.3638935,2
-6.247638,-43.811028,6
35.930653,5.370572,3
40.60204,-20.921389,3
4.778009,24.217655,7
38.21537,-19.630838,3
39.49748,-21.986042,3
3.451989,6.6987233,4
-2.7340665,-53.685745,6
-1.800006,-44.103493,6
-6.8763895,-54.34547,6
-2.2770374,11.95736,4
13.081682,-20.050798,9
-50.457767,-15.777745,1
1.337824,-6.847019,5
13.928796,69.03322,0
-27.634289,-22.594204,9
-5.031002,-2.4141717,5
-31.77977,7.3305945,2
-24.471909,-18.025923,8
-26.988636,11.781562,2
19.752283,68.00005,0
19.11329,67.03562,0
-48.891617,-19.67399,1
17.016426,33.135986,7
-5.667599,-54.897198,6
37.90857,-22.184877,3
-29.519655,8.640572,2
-49.77345,-15.477284,1
4.8108816,24.42841,7
-9.020647,30.485422,4
-5.302064,-54.001625,6
37.794388,-22.260492,3
-44.233482,-17.381065,1
-11.040233,-16.585989,3
14.162927,-20.803534,9
-47.675182,-15.585618,1
11.670707,26.833239,7
-5.1914964,-51.8267,6
-24.75724,-18.363575,8
-8.469823,30.319504,4
37.7498,-22.553825,3
-51.004227,-18.904095,1
-8.461868,32.606163,4
11.023339,72.467674,0
-4.48245,-11.931934,5
39.493816,-22.569191,3
-8.78061,-41.651997,6
23.2119,-20.591743,9
0.018246755,-50.797207,6
-49.47315,-18.371288,1
4.5275626,22.770603,7
1.647451,-7.0167127,5
-11.709432,34.938705,4
3.723005,6.2603874,4
18.873495,30.124058,7
-23.981274,-3.5249095,2
-28.005386,-23.096462,8
-27.700094,6.4068336,2
-30.86844,12.051913,2
-1.6477511,-2.581935,5
4.544593,22.95407,7
24.336777,-19.623472,9
1.6178666,-6.8753185,5
-9.126619,32.850567,4
-22.09696,-17.838505,8
-27.541409,-16.958004,8
-8.006953,30.597832,4
14.242985,-21.531204,9
15.988179,67.73249,0
-25.169903,-16.249004,8
23.728231,-21.231737,9
-24.990154,-16.531012,8
12.780277,69.100006,0
36.993736,23.156511,1
-22.898315,-1.3599529,2
38.231976,-20.267244,3
-9.073088,33.591595,4
3.9902787,-10.195026,5
3.0385718,-51.612324,6
16.37426,34.457924,7
37.705536,2.712091,8
19.696053,-4.8827095,9
12.014484,72.87748,0
36.30902,23.020096,1
-28.097189,8.35542,2
40.195477,-20.404707,3
-13.649476,37.86319,4
5.146959,-9.858921,5
-8.288027,-45.372463,6
14.705657,21.913492,7
-32.965588,-21.907562,8
-9.311848,-54.59808,9
12.287764,73.88382,0
-4.7970314,27.746063,1
-34.57183,-2.471598,2
37.84446,-23.439312,3
-6.1610174,38.0758,4
-10.79501,-2.3927908,5
-2.5421107,-44.301403,6
11.89847,18.437277,7
-32.661224,-20.596142,8
19.889343,-5.065082,9
10.156829,75.722176,0
16.102505,-10.029394,9
2.2179036,-10.845469,5
-5.5965796,-7.475177,5
-7.1027,-54.309574,6
-7.9989624,-4.881,5
13.264938,75.90938,0
20.390585,-12.25115,9
-27.794725,-21.381077,8
15.481032,-9.656802,9
-30.526937,-18.387728,8
-13.542692,36.597797,4
-45.990322,-16.244644,1
17.647312,34.733444,7
15.757454,33.703304,7
31.299622,0.30148932,3
3.392928,-7.864709,5
-4.2624,27.863142,1
14.177339,76.682274,0
13.533546,76.17666,0
-30.21173,1.7742256,2
-33.250076,-2.53131,2
16.128448,31.283897,7
-32.88973,-26.350592,8
-20.33824,-0.85376626,2
10.317709,75.269226,0
-52.224586,-15.4511595,1
-28.850645,1.4976982,2
-8.456397,-53.162193,6
37.995598,-23.801186,3
38.599457,-12.968924,3
15.6273985,35.10748,7
41.52209,-8.581202,3
40.495445,-7.206602,3
-14.635042,40.174683,4
-1.6659775,-44.45737,6
-5.0755396,-44.24616,6
-5.388569,-44.270573,6
-10.324546,32.63517,4
22.558992,-16.326456,9
-49.07976,-19.23717,1
-3.244659,-3.5643682,5
9.960407,76.604324,0
21.40225,-9.790193,9
3.0722318,-10.39902,5
-23.739105,1.7135028,2
-28.047403,-21.58033,8
-32.092632,3.0144985,2
10.432654,76.62538,0
10.160356,75.4133,0
-49.981903,-15.255793,1
17.45811,34.721603,7
-1.2093722,-45.360836,6
38.41791,-5.379892,3
-30.620653,-5.1714373,2
-4.784666,28.018005,1
18.770031,34.200993,7
-12.092196,35.566322,4
-1.3773588,-44.461655,6
40.330063,-10.615847,3
-48.857887,-18.411657,1
37.746017,2.7051246,3
15.242566,-9.22537,9
-48.884907,-18.638134,1
16.850391,30.823204,7
-6.384916,-52.115265,6
-32.16705,-18.907736,8
-11.036263,34.809547,4
37.554237,-14.946839,3
-51.28878,-20.606407,1
-11.154464,37.836067,4
7.486263,67.36371,0
-10.573506,-0.8145939,5
38.379723,-4.8546457,3
-4.771106,-44.903904,6
21.356928,-10.282931,9
-7.943639,-54.30525,6
34.793587,6.532762,1
16.8598,35.418537,7
-7.3608484,-3.1416125,5
-12.963658,39.680996,4
4.5917535,6.3851857,4
13.531322,19.43336,7
-19.621256,-0.78270733,2
36.39217,4.9538355,8
-20.431915,0.07634513,2
37.579796,3.9792356,2
-20.248285,-36.43891,5
13.089533,20.40262,7
21.234928,-9.686419,9
-12.222026,-3.1999836,5
-14.99272,37.478355,4
-33.24571,-20.599056,8
-32.776737,-17.60827,8
-4.323319,32.62336,4
21.439507,-13.662105,9
10.728119,77.234535,0
-33.28889,-19.412094,8
12.292733,-9.697593,9
-32.771267,-19.03755,8
13.387843,60.060993,0
38.705822,18.577604,1
-28.059978,11.364288,2
39.439518,-4.3905573,3
-15.248736,42.36054,4
5.968864,-13.290479,5
-8.90077,-54.335827,6
20.967072,36.187084,7
-34.916237,-23.57339,8
16.71184,-8.0941515,9
8.173425,65.97389,0
-4.59185,27.955399,1
-31.31939,13.081759,2
41.01137,-20.860617,3
-15.614554,42.72626,4
-9.431914,-10.941031,5
-7.0721884,-52.097836,6
14.513936,24.147202,7
37.54815,3.9802659,8
16.54563,-10.897622,9
9.745072,65.442215,0
31.841484,18.601143,1
-32.87785,4.3481517,2
32.58124,-18.010727,3
-15.859342,43.055244,4
2.3667526,-8.71284,5
-9.21153,-55.317192,6
13.997111,28.583487,7
-31.930126,-20.737581,8
16.104765,-10.113213,9
19.209896,65.93501,0
20.125418,-13.129007,9
0.7610621,-10.544457,5
1.8648065,-9.031377,5
-9.060419,-54.873173,6
-2.1667717,-12.590019,5
3.5961132,63.56386,0
20.804316,-15.197569,9
-34.59235,-18.857203,8
14.898328,-7.7406435,9
-36.624393,-21.910898,8
-15.137348,41.62703,4
-51.91197,-15.907467,1
14.08653,23.904621,7
14.944908,29.897188,7
37.105095,-19.224539,3
1.4554629,-9.570702,5
-51.1535,-14.870937,1
8.900395,64.35389,0
8.530431,64.18517,0
-27.131632,12.203164,2
-27.26287,12.934003,2
14.199978,28.487389,7
-34.445774,-23.451382,8
-30.94718,12.833783,2
14.469408,74.71944,0
36.514565,21.922695,1
-27.677374,12.171759,2
0.4796829,-41.29689,6
41.188667,-12.088711,3
42.049408,-16.697971,3
17.366009,33.94516,7
41.992607,-20.047142,3
38.213013,-19.183815,3
-15.461374,41.86959,4
0.8422873,-41.054115,6
1.0563102,-40.458015,6
-0.31454286,-41.617767,6
-12.872664,40.934635,4
18.93683,-18.451204,9
-49.332783,-14.816059,1
3.4304683,-9.020263,5
8.201819,70.13506,0
18.884466,-12.690511,9
-4.751119,-48.341637,5
-27.72423,0.1438507,2
-36.616295,-23.75834,8
-27.27153,14.12487,2
12.366151,72.20146,0
10.025853,64.528275,0
36.467384,23.237286,1
16.346323,34.032978,7
-1.5851378,-40.676117,6
36.8141,-18.86321,3
-27.83516,10.124602,2
-50.482075,-12.961049,1
20.264849,29.479172,7
-12.6257,41.235146,4
-9.203732,-55.353443,6
39.264774,-12.979372,3
-51.052773,-14.256867,1
36.421333,-17.860493,3
20.307426,-14.309252,9
-50.905716,-15.965118,1
15.874411,24.502579,7
-1.7842128,-41.492992,6
-32.887966,-18.800665,8
-15.573106,42.01423,4
41.664185,-17.36392,3
-50.698643,-17.768024,1
-10.451702,34.498867,4
8.894461,65.23912,0
-5.5149403,-13.471869,5
38.27483,-20.538437,3
0.26990625,-38.763805,6
19.840677,-11.604889,9
-8.676567,-53.415142,6
-51.58932,-17.828226,1
20.966234,27.289352,7
-5.109047,-12.687079,5
-15.219889,39.00704,4
-15.161238,38.782993,4
14.35701,18.732561,7
-26.372004,11.358299,2
-33.973064,-18.35635,8
-28.510862,10.127716,2
-26.887022,10.558758,2
4.1896157,-8.65161,5
15.013379,30.693653,7
19.896961,-11.70725,9
-1.8480543,-13.320172,5
-15.352822,38.20809,4
-35.83801,-22.408607,8
-33.953365,-24.349419,8
-12.696236,41.1233,4
25.250784,-8.560696,9
3.6466737,63.531258,0
-31.706816,-19.519701,8
14.9150915,69.865364,0
38.00549,18.328945,1
-26.547531,-3.098238,2
30.01686,-19.537193,3
-4.4428844,40.428875,4
4.3963375,-15.478681,5
2.8808355,-49.320457,6
10.434749,22.309505,7
-22.741663,-28.819841,8
18.425646,-13.565408,9
12.8401,63.636692,0
37.206783,17.637226,1
-24.144299,-5.4177046,2
31.31018,-17.930004,3
-7.7339115,41.03237,4
5.3505235,-13.678389,5
3.13548,-49.58605,6
10.156683,21.167948,7
-22.959227,-29.148367,8
22.289982,-13.192044,9
11.411991,69.13267,0
36.147892,19.54652,1
-22.413704,-5.448516,2
33.469517,-14.592526,3
-6.815603,39.607574,4
8.496191,-11.957847,5
3.0572722,-50.68351,6
9.968474,21.964045,7
-22.986881,-29.985718,8
17.843328,-13.848705,9
13.123037,64.841576,0
17.189812,-12.606311,9
5.495387,-13.763294,5
5.6456904,-15.030045,5
-2.2405398,-48.0862,6
4.912062,-13.4983,5
13.086753,65.64681,0
21.791237,-13.242146,9
-21.727226,-26.512632,8
17.227396,-12.653088,9
-22.150517,-26.883907,8
-9.840321,38.54006,4
34.728462,17.268677,1
12.595828,24.129393,7
13.439318,25.587473,7
36.327717,-15.238797,3
6.605249,-16.93458,5
34.957977,16.892334,1
12.702844,66.79356,0
12.6887455,66.78963,0
-22.23079,-4.340625,2
-26.485903,-2.9948087,2
7.4224873,19.023434,7
40.023766,17.515753,8
-21.904938,-5.1089764,2
19.201668,66.06842,0
37.085693,17.015978,1
-24.753767,-4.5090837,2
2.3566427,-49.663197,6
32.81705,-16.767193,3
34.57914,-20.062267,3
10.999019,22.377537,7
31.749214,-17.812708,3
33.339565,-19.247145,3
-7.1752625,41.311367,4
1.7500167,-51.16496,6
4.189919,-54.25952,6
0.66505086,-49.0689,6
-8.183039,39.145744,4
16.567772,-14.943994,9
36.853962,16.851812,1
4.934705,-13.137797,5
18.175255,65.73811,0
16.294554,-13.459949,9
3.3443851,-12.469315,5
-23.597649,-4.681029,2
-21.060888,-28.035566,8
-23.074192,-4.836291,2
19.178247,65.60409,0
12.617138,67.50423,0
36.481842,16.180897,1
13.577281,23.707308,7
3.0015566,-48.64753,6
34.86595,-17.797604,3
-20.442146,-5.466642,2
38.09947,18.153433,1
14.296354,25.03637,7
-8.6392355,40.40307,4
1.5026338,-48.861416,6
37.389496,-16.623493,3
36.107327,19.445274,1
36.02739,-14.986451,3
21.525885,-13.200288,9
35.77213,17.207615,1
12.768468,23.95324,7
0.18623666,-47.841663,6
-21.18484,-27.3687,8
-6.6389356,39.88398,4
35.22762,-20.232424,3
35.270325,16.714571,1
-6.9420557,39.158394,4
13.404709,65.76586,0
6.598351,-17.072239,5
35.18291,-16.849785,3
0.4409497,-48.036343,6
16.38147,-13.879825,9
-2.9808645,-45.46071,6
37.15707,16.389652,1
9.636608,22.653479,7
11.375937,-16.456394,5
-8.117086,40.38223,4
-3.968351,37.233677,4
10.746909,21.637486,7
-23.015186,-3.9416344,2
-19.743849,-27.300097,8
-30.965467,2.0695503,2
-24.795214,-4.456468,2
3.7561228,-13.206748,5
9.914114,22.502592,7
18.498543,-10.274753,9
1.18488,-13.022964,5
-7.4437017,40.383568,4
-19.701054,-26.81499,8
-20.15887,-26.160854,8
-9.655209,39.494404,4
23.29021,-12.53333,9
13.274676,71.33198,0
-19.576101,-27.080116,8
22.85305,-12.631759,9
-20.606356,-26.233591,8
7.769226,64.13585,0
-52.929096,-16.345018,1
-28.434711,6.104786,2
40.864017,-11.194427,3
-6.4960513,33.691673,4
-4.032106,-1.6610426,5
-1.1893941,-37.9766,6
20.351305,36.84777,7
-45.86655,-24.250206,8
7.8284273,11.409833,9
8.033543,63.488136,0
-49.640354,-20.776205,1
-32.401714,7.599457,2
43.311096,-11.370075,3
-6.637884,32.84247,4
-3.2438183,-1.4174657,5
-2.2453933,-38.79399,6
10.18272,13.226101,9
5.876608,66.097,0
-49.892303,-21.79819,1
-32.062706,7.6698575,2
39.571793,-13.06443,3
-4.16149,35.4376,4
-1.7356288,-1.9879582,5
-6.014363,-39.065613,6
18.496681,36.354404,7
-31.341484,-15.6126375,8
2.0722182,19.303679,9
14.557298,-31.881855,0
9.668512,13.574919,9
-1.6534922,0.19963679,5
-12.635061,-1.7678546,5
-0.7122593,-40.553574,6
-3.999229,-1.2660928,5
9.778689,66.37335,0
1.5680629,11.285443,9
-38.191547,-13.968326,8
-1.6073582,0.4781048,9
-38.80542,-15.31583,8
-7.4929624,35.69012,4
-52.074654,-14.371058,1
18.702307,30.759949,7
21.080269,35.007698,7
32.387993,-2.0608594,3
-11.3225,-1.7921716,5
-52.0881,-17.250885,1
3.452159,62.39192,0
10.496834,73.24251,0
-27.20801,14.490314,2
-24.757652,1.045733,2
22.868227,34.078876,7
-33.463684,-23.708979,8
-27.82178,13.537111,2
8.055689,60.21807,0
-50.395226,-21.451027,1
-34.188717,-3.9507453,2
-1.3354189,-39.21626,6
32.510326,-3.313743,3
32.118767,-1.7730389,3
21.127846,34.793087,7
33.878807,-1.2248055,3
-32.92162,-17.118649,3
-4.2112007,35.28022,4
-2.5062366,-39.88303,6
-4.7313724,-39.415462,6
-1.5614773,-39.973446,6
-8.003515,11.334694,4
8.964056,11.576113,9
-51.103073,-16.832312,1
-3.7020018,-1.7821149,5
16.277708,-30.981518,0
18.261356,-18.071428,9
-5.465767,-13.252398,5
-35.599907,18.445791,2
-38.263184,-15.959801,8
18.391306,67.9021,0
-51.98805,-16.584204,1
19.286125,32.834084,7
-1.1900907,-39.228313,6
40.3791,-13.355454,3
-23.06046,-0.95383525,2
-53.030663,-14.958509,1
21.468763,33.660664,7
-7.9565845,11.324478,4
-3.269831,-39.350525,6
40.404022,-11.1806135,3
-52.647953,-14.321222,1
41.26783,-13.783655,3
0.16351964,11.31314,9
-51.15425,-15.531686,1
21.090263,36.28621,7
-5.819757,-51.508514,6
-38.33425,-14.83285,8
-7.0494227,36.06146,4
40.992157,-11.819637,3
-51.653797,-14.184037,1
-6.6899567,34.022095,4
5.8254232,63.624565,0
-1.610142,-0.7662799,5
40.45495,-11.877816,3
-5.2567244,-39.02122,6
18.197353,-20.046278,9
-8.139113,-40.030334,6
-52.05297,-14.064655,1
16.351292,29.268309,7
-8.254831,-8.219475,5
-6.949429,33.457973,4
-3.767083,35.854145,4
20.129988,31.872486,7
-34.612206,6.46078,2
-32.38024,4.105039,2
-2.8312428,-1.4008086,5
-13.522762,-1.2778819,7
41.91032,-12.760132,9
-1.8516272,-1.3421482,5
-8.112846,11.283795,4
-7.54816,35.414333,4
-1.7165542,0.42941278,9
8.31221,70.22986,0
-37.18502,-15.726392,8
0.54836637,11.492003,9
-37.157322,-15.963687,8
14.915701,64.661736,0
-43.91018,-22.764032,1
-26.70928,-1.4203688,2
8.979465,-4.092563,3
-18.108122,32.31901,4
1.4262712,-17.622587,5
7.231683,-50.7107,6
15.005406,32.723076,7
-28.57163,-16.346912,8
15.604807,-11.665404,9
11.779026,63.19311,0
-45.04792,-21.172443,1
-32.92268,-5.782309,2
33.56311,-3.334418,3
-10.550033,36.43229,4
0.17162476,-18.15644,5
2.9971561,-47.413757,6
16.394777,20.06117,7
-27.186813,-19.674511,8
18.859846,-11.232977,9
15.878839,62.27406,0
-47.08921,-20.580736,1
-33.18975,-6.122572,2
8.421843,-3.5177104,3
-11.324368,36.038166,4
0.4183346,-19.029984,5
6.90728,-49.915955,6
15.0311575,32.470924,7
-28.808899,-16.158426,8
18.990835,-16.98143,9
12.163911,71.54496,0
21.864721,-15.297433,9
-0.88643193,-18.018036,5
-0.866614,-15.097277,5
6.2080083,-50.37636,6
-1.4526823,-13.181188,5
3.7118952,68.74708,0
22.329191,-11.65904,9
-30.01101,-28.813236,8
21.619713,-12.252557,9
-27.317167,-20.026192,8
4.3602753,16.770096,4
-43.689457,-22.094324,1
8.350962,24.76313,7
13.6082115,18.543821,7
31.252193,0.41676039,3
0.49232906,-18.001364,5
-45.521004,-19.26183,1
17.96032,63.775043,0
11.081267,71.32278,0
-27.045908,-5.074728,2
-21.407747,-5.545573,2
21.047356,30.69529,7
-28.473587,-22.491667,8
-20.273788,-5.0212398,2
2.94521,66.96462,0
-46.63191,-19.92715,1
-24.72085,-5.8287344,2
2.886771,-46.53144,6
34.83735,-3.1723168,3
34.86853,-2.9774475,3
24.140142,29.981537,7
12.482156,-27.595634,3
34.239758,-3.0404058,3
3.604244,-24.863506,4
-9.712742,-42.084442,6
5.9025807,-50.6426,6
6.872041,-53.154438,6
-13.627934,45.645496,4
18.502254,-9.614337,9
-44.90517,-18.217527,1
1.0932677,-16.98108,5
15.000327,64.182816,0
21.298592,-15.606545,9
0.4242633,-19.183186,5
-21.255774,-4.019606,2
-35.53277,-19.96675,8
-34.798805,-2.8136737,2
12.484997,70.638695,0
15.997427,62.555256,0
-42.9469,-20.270037,1
22.464357,31.029457,7
-8.534976,-42.96893,6
34.982647,-3.735608,3
-33.942654,-1.1355652,2
-42.417545,-18.172867,1
22.757607,30.328514,7
-13.617878,45.640335,4
-6.7027135,-42.618637,6
41.110615,-9.792592,3
-44.81439,-17.02407,1
38.676254,-16.905966,3
19.164104,-9.25701,9
-45.856937,-20.5036,1
15.765137,28.271273,7
-8.12881,-44.329468,6
-39.27125,-22.731659,8
-13.756167,40.081253,4
8.704151,-3.8964832,3
-43.227535,-20.174158,1
-15.87801,35.483734,4
8.048342,59.966866,0
2.6044495,-17.411545,5
36.918003,-9.13297,3
-6.4307656,-40.57453,6
19.63217,-9.946864,9
2.1383178,-48.071487,6
-43.36192,-19.614658,1
17.899939,32.772385,7
1.6442671,-18.40507,5
-15.954083,34.345596,4
-12.973446,45.44378,4
14.849547,21.619593,7
-21.905832,-4.228123,2
-29.021261,-14.103821,8
-26.744461,-2.4877098,2
-27.842113,-3.8459423,2
0.6522797,-19.13781,5
20.735258,31.469767,7
23.578196,-15.79304,9
2.254158,-18.169556,5
-13.68894,38.39151,4
-18.422129,4.1930404,8
-42.4285,-16.962109,8
-12.350482,38.4928,4
22.51096,-14.639921,9
4.3438444,68.2632,0
-39.181747,-21.808718,8
21.555975,-6.566219,9
-28.961737,-14.067815,8
