-10.759294,-13.477221,0
-8.307353,-14.26384,0
-8.314596,-11.412427,0
-11.7626,-10.755686,0
-4.4405975,-12.686773,0
-10.765196,-10.390906,0
-8.37112,-9.560033,0
-6.29433,-12.993529,0
-9.109648,-9.052287,0
-10.047887,-11.556097,0
-9.620888,-10.148379,0
-7.3766365,-9.364317,0
-7.7650657,-9.926466,0
-10.352697,-8.39151,0
-10.804336,-8.8553,0
-6.911707,-12.456811,0
-7.5403547,-12.919064,0
-7.229277,-12.953381,0
-10.830173,-9.901227,0
-9.885508,-14.297974,0
-10.604019,-13.413163,0
-3.7499635,-9.355982,0
-6.9313593,-10.179491,0
-5.209491,-10.384794,0
-4.8455625,-10.6106205,0
-3.958,-13.074148,0
-6.768712,-11.112839,0
-6.45245,-8.996399,0
-5.208548,-12.284867,0
-8.116472,-9.593635,0
-8.039174,-11.935611,0
-9.509398,-10.573722,0
-6.475803,-10.147597,0
-6.3057566,-13.740037,0
-5.8548093,-11.566845,0
-5.5572653,-10.437541,0
-5.6118507,-12.035552,0
-5.9134035,-10.936848,0
-6.1552243,-9.008472,0
-10.351727,-14.61532,0
-10.310317,-12.885064,0
-3.9288251,-8.222354,0
-11.055253,-11.831334,0
-3.7242022,-8.346957,0
-9.60755,-12.549177,0
-4.5546083,-8.5461035,0
-11.686157,-12.5158615,0
-10.199787,-11.924271,0
-8.727172,-11.146592,0
-10.135596,-10.5836,0
-11.70878,-8.694313,0
-8.240374,-10.398094,0
-11.533244,-11.046828,0
-6.9665027,-12.684398,0
-9.618023,-13.001574,0
-8.926831,-11.800792,0
-10.427445,-12.670211,0
-7.089605,-11.713311,0
-10.929063,-11.183744,0
5.032462,-11.62163,1
8.858058,-3.093136,1
9.559915,-3.100828,1
3.9590316,-11.302494,1
0.2911818,-10.553822,1
5.766146,-4.040588,1
5.8321705,-9.302609,1
1.0176305,-11.525742,1
3.402684,-9.797964,1
8.919545,-3.0576234,1
-5.9996233,-4.235905,1
8.8748455,-5.625337,1
-3.1344624,-10.972758,1
4.9689655,-8.297455,1
-6.1089644,-7.163768,1
-0.40633315,-9.678947,1
4.699085,-10.42159,1
3.5821376,-11.102908,1
8.305657,-6.273355,1
-6.0057797,-4.247328,1
0.8817156,-5.03863,1
2.4606166,-10.104934,1
1.9959427,-9.414591,1
4.4756308,-4.9175396,1
14.721004,-5.7363577,1
0.035690587,-7.8474474,1
2.4289513,-9.559346,1
5.0536013,-4.9012637,1
4.308946,-4.5005484,1
5.0658865,-5.767965,1
4.254129,-5.9930825,1
6.0623846,-5.5826683,1
5.721266,-5.5705953,1
6.581213,-5.6934085,1
1.5537838,-8.644169,1
0.78631127,-9.472505,1
-6.0665503,-4.290199,1
9.907203,-6.18556,1
2.136269,-10.252317,1
0.14978324,-10.707128,1
0.49993336,-5.52934,1
3.131423,-10.673952,1
4.133576,-9.760386,1
1.8042122,-6.9147916,1
3.2968688,-8.307464,1
3.1882625,-9.094827,1
6.525308,-6.589113,1
3.8325012,-8.738054,1
6.2786465,-6.019131,1
2.8728292,-8.175749,1
-0.02127928,-7.775038,1
-1.3659539,-6.620835,1
2.4100454,-7.61941,1
6.052952,-3.5657134,1
4.1569963,-5.4256434,1
3.2865717,-6.0029774,1
3.0292509,-4.16613,1
3.4569056,-8.616571,1
3.3944027,-7.263867,1
11.6843,-6.0833354,1
4.0058103,-7.9138203,1
0.70264643,-7.334901,1
-3.2472734,-13.381713,1
1.3086869,-4.5588794,1
-1.2627398,-5.646184,1
-1.1003082,-6.3681607,1
2.398571,-7.238954,1
2.1540406,-6.6729155,1
4.0187345,-3.569124,1
3.1016755,-6.528926,1
5.2251,-7.073096,1
10.523503,-5.3712654,2
11.996592,-4.611982,2
11.963024,-4.3582044,2
17.013617,-4.243971,2
11.02047,-2.750775,2
11.921844,-2.862713,2
15.503171,-6.1511927,2
15.5900135,-6.5728683,2
14.169925,-5.028463,2
13.820678,-6.9374294,2
13.440922,-6.497191,2
12.779005,-5.193041,2
13.574573,-6.7087865,2
14.736779,-5.3757977,2
16.731966,-3.2273242,2
13.405041,-4.494965,2
15.931073,-5.132136,2
14.720443,-3.889506,2
14.519866,-2.8468735,2
16.56828,-2.3487988,2
17.329596,-1.5293803,2
17.217222,-1.9930295,2
17.55373,-1.087618,2
14.056177,-1.350795,2
12.016302,-2.3934238,2
15.398175,-4.0028872,2
14.746593,-2.7556837,2
14.850046,-7.3926473,2
14.526316,0.4311413,2
14.5079,0.3043822,2
14.274988,-3.6231966,2
13.684925,-5.967618,2
13.924969,-6.5250583,2
13.067967,-4.621869,2
14.036876,-2.3568316,2
14.893586,-4.7648373,2
15.899266,-1.5725026,2
13.752905,-2.7281077,2
15.945726,-1.2614213,2
16.774746,-0.9569021,2
12.619465,-4.663797,2
13.160236,-2.5892031,2
14.310579,-1.9813643,2
15.4560995,-4.166672,2
15.3218565,-2.9282231,2
16.067375,-2.4453561,2
15.308802,-1.9034382,2
15.049708,-1.1940786,2
