30.101511,-9.498916,0
21.600426,0.8971395,0
27.639645,-4.9796405,0
11.917627,-6.3319507,0
25.16795,1.81964,0
13.317522,-10.024883,0
20.538923,-0.84392047,0
14.7434845,-11.447058,0
12.8219185,-11.039713,0
12.803164,-7.737352,0
7.5884857,5.0295887,0
10.401479,-7.971273,0
34.395824,-7.715743,0
7.014879,8.355349,0
13.5463085,-8.536718,0
12.654476,-12.20231,0
6.625129,3.3782775,0
16.411282,-9.940275,0
24.68563,-0.7833582,0
-12.103426,-3.756848,1
-8.5852585,-5.14843,1
-14.90121,-3.6849241,1
16.724867,-15.738203,0
24.514162,-1.3203171,0
26.969154,-2.552665,0
29.43618,-9.819686,0
11.949328,-11.713675,0
27.856287,2.511889,0
12.951144,-13.109839,0
21.52544,3.1058054,0
28.98342,-4.0081735,0
12.507928,-10.079129,0
19.450071,-8.944656,0
20.800648,-6.088531,0
10.486394,-8.784773,0
13.365452,-16.034292,0
8.199551,-9.290465,0
-10.238264,18.278114,1
-4.4353127,18.427372,0
6.7405095,-7.1921577,0
0.29659715,8.025091,0
8.468771,-4.8628197,0
33.732746,-8.865297,0
9.25793,-9.652089,0
5.9557953,-5.6687236,0
27.200203,-5.7406864,0
-18.39717,14.477884,1
11.722706,-10.543545,0
-14.253304,-5.582867,1
0.3768383,8.946124,1
-21.012806,9.615494,1
-22.741205,2.987751,1
-16.635857,1.7660382,1
26.214918,3.7433007,0
6.17264,3.6202672,0
-10.724667,7.99385,1
26.743229,-1.9657254,0
10.403883,-9.913679,0
-22.561762,10.242631,1
-17.940132,17.441946,1
-7.9462996,4.016454,1
-11.018094,-13.58165,1
15.86025,-7.9364057,0
-6.0383544,4.2487087,1
15.032538,-12.70163,0
15.669363,-12.844985,0
-12.677144,11.791525,1
-19.630634,8.169653,1
4.6550074,-17.303255,1
-18.558908,0.22844507,1
22.78066,0.8964467,0
1.1710492,-17.547361,1
19.915966,-6.8326364,0
2.9127462,-6.342343,0
-17.253952,3.5431898,1
22.630463,4.4974475,0
-2.167272,3.957575,1
29.086271,-9.088359,0
32.709633,-9.772532,0
-14.510915,5.5484414,1
-12.54252,11.724977,1
9.604773,-11.114653,1
32.533882,-2.095563,0
32.473694,3.0558763,0
-11.645711,4.7915263,1
26.45628,2.7362854,0
5.8774557,7.7936106,0
22.042969,-3.7141895,0
-2.5993786,-4.045118,1
1.2145213,-9.2321825,1
-1.1226974,9.826884,1
7.106749,8.354035,0
-24.718489,1.7950227,1
-14.118205,6.2974634,1
15.361087,-4.604973,0
29.058712,0.09285209,0
-5.285742,6.226242,1
-14.617245,12.0315485,1
-17.00322,-4.823714,1
4.783893,-2.6061506,0
5.4865246,5.079025,0
-16.724194,16.93493,1
-3.101409,12.53168,1
-6.616857,-10.049684,1
-8.513908,5.807022,1
14.268384,-9.62741,0
-5.9910483,-9.649664,1
-16.941816,4.6768875,1
31.660007,-8.346962,0
-15.172886,8.806926,1
-8.843768,-13.714651,1
-2.695366,-13.3937435,1
4.4012985,-15.9702835,1
-3.97284,-13.6385355,1
-17.698526,19.072622,1
-15.28539,7.84224,1
-2.3948019,-17.625975,1
15.458612,-10.143807,0
16.681807,-9.137424,0
18.225784,5.4433355,0
-16.63727,-5.206332,1
26.414717,2.131121,0
32.3167,-8.422944,0
-9.575654,-3.7225626,1
-4.8477077,0.39153624,1
-21.213078,4.1036253,1
6.3961625,1.2606729,0
20.397982,4.6904163,0
1.1529505,-9.762954,1
25.912285,-4.8671613,0
-8.681627,-6.8624587,1
18.577402,-2.1822844,0
17.46224,-1.7431296,0
-10.72509,-2.0092,1
21.223831,-0.6293413,0
-4.029828,9.185901,0
-5.6074214,19.186285,1
-17.25834,2.8773665,1
29.239737,5.062989,0
-1.1077756,2.4162016,1
-21.361258,15.632644,1
21.71146,3.7331445,0
-11.1935625,-9.990598,1
-12.833367,2.3691428,1
-25.240002,9.155455,1
-5.2016683,-14.69736,1
15.805836,-16.43337,0
-1.060692,-0.20440033,1
-9.13348,-2.3745654,1
-23.659897,3.6851373,1
-9.298131,4.2899218,1
1.4881517,-14.599696,1
4.539346,-18.02415,1
-15.575619,-2.8516681,1
-7.4200077,-7.0461235,1
-13.39596,4.1654787,1
27.003752,1.3601111,0
2.6909595,9.412424,1
-19.586655,-1.8064936,1
-26.609522,9.420086,1
-1.8534563,-10.409858,1
29.912838,3.9458883,0
28.188597,-4.676359,0
-5.605683,-11.496253,1
25.688057,-1.1291571,0
-23.230145,5.4617596,1
-19.35282,-3.7769578,1
21.142822,4.28454,0
30.419662,-2.3417609,0
-18.989937,4.4517064,1
-13.486414,-4.0876637,1
5.84045,4.017635,0
17.048443,-6.173153,0
-9.393861,-14.406739,1
-22.363464,13.079882,1
-20.465664,15.171938,1
1.9967396,-17.412762,1
15.287899,-5.146209,0
-24.727589,6.5191817,1
-27.946651,2.7932966,1
33.911278,-1.6568854,0
29.719412,-7.1731396,0
7.5051584,2.57059,0
-4.4326487,-0.76017547,1
5.692241,-4.7643867,0
-16.63328,14.268358,1
17.958973,0.83985555,0
-18.341738,0.76265985,1
-10.474054,10.53166,1
-22.83198,7.770854,1
12.509741,-6.6904535,0
-3.0050085,6.411007,1
-8.543823,17.154928,1
14.484468,-12.824054,0
14.590589,-5.4794636,0
-15.374179,2.2766714,1
18.788502,-12.516787,0
20.678358,5.845569,0
21.478163,-4.5577936,0
9.022503,-8.271375,0
-3.8249023,-4.2231536,1
19.558231,0.23932998,0
31.040636,-5.979084,0
16.345808,-11.753601,0
-3.60865,-5.3849745,1
3.260136,-5.281563,0
-12.558248,9.227088,1
19.58752,4.706439,0
8.130668,-10.636726,1
-13.703902,-1.0332224,1
30.201548,2.8762524,0
-17.195602,6.272971,1
37.29156,-4.188762,0
-1.6153569,-18.403816,0
14.757677,-16.291065,0
9.639636,-10.875809,0
-1.0388622,-11.098134,1
-23.036543,-3.6079206,1
28.5175,-0.5610255,0
24.453669,-6.80464,0
-18.735655,-5.467522,1
-8.916805,-4.6363263,1
-12.6524315,8.994505,1
9.587644,-8.866382,0
-21.034517,2.3859031,1
-12.446481,-2.8952382,1
-16.981623,-2.166893,1
-9.701806,-0.01835173,1
2.4770749,2.1901186,1
13.459182,-10.758382,0
17.80528,-4.721149,0
-2.7514782,15.143965,1
-1.7993053,15.702139,1
23.775425,-5.782254,0
-17.684637,13.5922,1
-2.966647,9.858496,1
33.91245,-2.8745005,0
22.881653,1.5916836,0
2.202229,13.749375,1
22.887619,-6.893616,0
-19.632265,0.68343705,1
-27.179592,8.002874,1
3.002023,-14.236001,1
-1.4134877,8.798111,1
27.648373,1.1546866,0
-11.449753,13.564325,1
-5.3564744,12.215921,1
4.427172,-12.57492,1
-24.021551,-6.8426933,1
-12.829982,-5.077018,1
32.169678,-4.786794,0
-17.003551,1.5054017,1
26.626328,6.6862226,0
18.923883,-0.63169646,0
22.758724,-1.6272354,0
1.1213162,-7.436132,0
29.817453,-2.9130402,0
15.561053,-9.168913,0
32.984535,-7.1800838,0
13.172945,-13.837788,0
23.20364,-5.2389517,0
8.222129,5.37617,0
28.24834,3.8512883,0
-22.366903,4.878517,0
19.657393,-1.1730071,0
25.756603,-7.699361,0
-5.388673,2.6551867,1
-1.8924019,10.870618,1
-11.458572,4.631887,1
-3.2217696,-12.661503,1
-25.765488,5.6685085,1
-16.206726,-4.2477455,1
32.65196,-3.5650074,0
-16.080372,13.684353,1
8.258131,5.0803967,0
-9.968464,-17.4757,1
-22.791504,13.0106735,1
10.848701,5.489667,0
-23.552973,5.161329,1
-14.640532,0.92316574,1
24.785034,-4.6752806,0
-20.50212,-8.559291,1
22.817144,-2.709254,0
15.984095,-5.2357407,0
-4.0517225,-0.013819509,1
-22.305708,10.527532,1
-0.29363176,-2.2758412,1
-27.328144,6.2611165,1
-0.78292626,-13.105623,1
-8.945411,9.770987,1
2.2682793,-17.921751,1
3.255703,-1.1874156,1
-7.9135575,-7.2239494,1
-12.74308,5.3887467,1
-19.465923,-1.4030603,1
-20.777206,-0.61246306,1
-26.53784,10.830887,1
-5.3607893,18.950756,0
-24.602905,3.5266972,1
-21.667385,-5.527871,1
31.280222,-3.6898756,0
-4.624412,2.151509,1
32.418163,-6.0317674,0
-14.520375,10.942042,1
-18.06995,7.124265,1
-7.734007,10.873427,1
-28.155989,7.613739,1
-20.543913,14.279303,1
-26.901617,5.744999,1
-27.272867,4.9597974,1
-10.012741,8.792525,1
-24.581507,5.02655,1
-7.5932655,-0.22776334,1
-22.87201,16.04149,1
-12.904224,-15.15004,1
-26.159424,7.1327996,1
-26.453611,8.397218,1
19.842382,-0.51453245,0
3.0158234,-15.91686,1
-10.486747,18.29363,1
-4.4886518,-13.556207,1
19.785849,3.8513737,0
-2.7022793,1.639989,1
28.420069,-6.860754,0
-18.649942,2.8302658,1
-17.881678,0.096333064,1
-27.309938,2.2189975,1
-25.625854,7.8860197,1
18.368786,-3.0070567,0
21.042624,-13.50312,0
15.586439,-3.6101062,0
-1.0809423,-7.645821,1
-10.652732,12.360617,1
-23.809252,10.862075,1
-18.185553,9.181596,1
28.247543,2.2027974,0
-17.50717,-7.048414,1
28.02332,-1.4162208,0
-11.946318,9.77344,1
34.480377,-2.798523,0
1.1441513,-6.787987,1
-4.081886,-8.546426,1
-8.669114,-7.547511,1
30.242094,0.39779887,0
-11.965821,-6.38403,1
-8.812362,-14.465472,1
-17.837505,8.864245,1
-11.344832,-0.7778885,1
-17.514885,-3.3881783,1
-8.898622,3.6070507,1
-24.282366,9.631087,1
17.101028,-15.555776,0
33.392246,-1.5533469,0
19.321682,-12.35872,0
-6.45887,1.3677971,1
-3.3586833,-0.30177137,1
-0.85828054,-10.984127,1
-21.233479,5.4988704,1
-19.875639,-8.828102,1
-13.047154,-10.656134,1
-24.457232,7.8271422,1
-2.5890343,11.099935,1
-13.945588,5.893408,1
3.7739584,5.6126447,1
-20.432386,3.4174492,1
22.635715,0.63203293,0
30.928225,1.4907935,0
-14.476037,4.2019596,1
35.94126,-2.0523791,0
33.215244,-3.3888066,0
13.800446,-15.99481,0
-22.441008,0.35524753,1
23.769974,-2.8114047,0
23.027075,-0.3614738,0
-14.571788,2.011059,1
-7.4108195,-3.9131534,1
3.8994265,-16.334337,1
-1.657059,13.962037,1
-10.999911,1.1516995,1
12.828715,-8.778155,0
-9.994009,-7.556306,1
-14.058606,3.2137537,1
-0.2125813,-1.3457755,1
-2.6371024,-8.498073,1
-12.553153,0.13058357,1
5.1989765,6.589529,0
-6.9408336,-0.15179487,1
-25.417404,4.459825,1
-0.24642631,-5.6150026,1
31.311966,2.4939983,0
-16.174013,-3.896276,1
-14.873656,14.354379,1
17.796629,-9.394756,0
29.074211,-6.155794,0
-11.542121,6.8482833,1
-4.776222,12.554181,1
3.3313894,-2.693197,1
-4.3679433,0.48754895,1
-29.224459,8.672183,1
-15.116485,4.897503,1
17.345322,-8.381559,0
-20.242403,-2.0957596,1
-4.2528863,3.4647074,1
-15.412898,3.5169787,1
-25.322632,11.22505,1
-11.355064,-10.768522,1
-11.144742,-1.5737689,1
-1.2331442,-0.16300876,1
20.18256,-2.4055712,0
-8.698226,8.926304,1
-4.951962,9.069331,1
-13.079664,7.258361,1
-17.7054,10.983506,1
3.9463842,-0.44333944,1
0.6967633,10.927304,0
-10.449161,6.43875,1
-11.5536995,13.602694,1
30.699823,-4.212165,0
-17.822596,-4.90021,1
-10.680624,10.545755,1
-8.344811,7.127165,1
1.4237432,-10.461302,1
-11.463012,-5.2160077,1
2.75978,-0.77713287,1
-7.75411,4.475912,1
-19.337988,10.567911,1
-3.6447434,-9.007244,1
-7.9504123,7.8536477,1
-25.520504,9.474313,1
-24.321262,8.293945,1
15.119896,-7.4675827,0
-4.4006796,-12.490766,1
24.997408,-3.2761123,0
28.131147,1.1532166,0
-20.909653,1.5153474,1
6.9848166,-7.0221624,0
-12.962004,3.6814337,1
-20.063293,1.3077009,1
-3.4092617,11.195378,1
-23.492592,1.7521,1
0.27855507,-3.7262135,1
22.555773,-9.219382,0
-27.59409,3.7395272,1
-25.549503,-3.8398392,1
18.553286,0.37226623,0
-2.621161,-3.5567338,1
22.8482,-5.836299,0
-13.417941,2.0350976,1
3.218213,3.6616924,1
24.163088,-0.5862026,0
-0.31048253,-1.4943568,1
24.071922,3.334364,0
0.36817354,14.622942,1
-10.314716,-3.5038319,1
-15.260714,2.624287,1
0.7818358,13.47386,1
1.3050323,15.613522,1
-1.6005131,12.870903,1
-1.8165882,12.910105,1
-1.1552631,15.198391,1
27.131939,-0.23864147,0
37.261074,-4.1842513,0
-27.19268,-1.157133,1
-16.117596,5.6262064,1
-21.741955,2.618398,1
4.3881383,-12.640185,1
2.312972,0.21177325,1
-17.232878,14.336998,1
28.080347,6.857044,0
-2.5549886,-15.131489,1
-8.553888,6.331905,1
-5.609354,15.233748,1
-12.479895,-0.6736992,1
-7.4047933,16.14241,1
-4.5340834,-7.882441,1
-12.40851,0.6534622,1
2.5991197,0.86048466,1
-25.066776,3.5540707,1
-8.661923,-8.311932,1
14.629487,-6.083613,0
-17.51206,6.3520255,1
-23.049067,3.9988544,1
-8.403395,-4.795895,1
-18.261742,4.054805,1
-8.3378935,-2.8630583,1
3.3507075,-15.797532,1
-22.381828,4.0838885,1
25.955242,-3.8761022,0
-11.360123,-6.6752477,1
4.219038,-9.170762,0
-4.7429776,10.046067,1
-25.458134,0.9376879,1
26.98472,3.0168588,0
-25.17173,12.209584,1
-4.2517333,11.439734,1
3.1604514,6.1714873,1
3.7153006,-6.9821906,1
-16.39369,4.2163777,1
25.871191,1.4927665,0
25.922976,-3.5086718,0
-16.196398,-10.068007,1
14.72874,-11.80509,0
-11.025576,-7.2290034,1
35.453342,-2.6399379,0
-4.9317617,-17.05626,1
-4.66961,-16.966755,1
-5.3699512,-6.603132,1
-5.2344956,-15.234665,1
-10.082606,-1.6199398,1
17.310616,-10.752928,0
-6.361787,-0.88762456,1
-22.55903,0.8609875,1
11.366832,-10.566237,0
-11.428037,-2.002388,1
4.1069226,4.280181,0
-11.000971,6.4592147,1
21.074991,-1.6630716,0
22.162941,-1.6830107,0
-2.4210944,-6.3175898,1
-10.3500395,-6.3685036,1
-6.84483,-15.856065,1
33.321667,-2.7361164,0
-19.57635,10.407072,1
-2.9023135,-5.460435,1
-13.185569,-9.917446,1
-14.998461,-7.8458066,1
4.940798,-6.0254087,1
-16.051723,-0.078890294,1
-9.551795,-17.709633,1
-15.231777,-5.2120643,1
-11.003145,-10.559564,1
-5.1990314,-5.3334603,1
-19.506426,2.9009433,1
29.404839,0.94728553,0
-6.4101334,-10.932255,1
27.372738,-4.0501137,0
4.842379,-2.454763,0
-2.2418149,-15.368687,1
-15.054075,15.636965,1
0.85131526,-14.615983,1
-4.814621,-12.817074,1
7.2401676,-9.368714,1
0.30519286,9.626399,1
-0.48404592,13.201673,1
-15.557007,7.100561,1
-1.6610978,10.094788,1
-17.034336,-1.5806494,1
-7.9321313,-11.2586,1
-17.812578,10.2719145,1
-7.6754622,11.722652,1
-21.494698,11.585435,1
-7.0846086,6.427143,1
-0.64489454,14.010304,1
-12.9131775,14.732932,1
0.028055087,14.363038,1
-4.3394957,-10.566696,1
-13.579398,13.286924,1
-7.4924746,15.697874,1
1.3202451,0.44382316,1
2.9700267,14.152105,1
-2.1618865,-2.5294406,1
-7.2659125,16.545044,1
11.54775,-13.163442,0
31.98413,-5.7110324,0
34.746403,-4.1052966,0
29.263956,2.0097299,0
22.522121,-9.265603,0
30.207718,-7.3955164,0
-20.69957,12.073297,1
